eyeBetween: 0.252879759350804, 0.2877855255929648, 0.22107095476156485
eyeFront: 0.19686208545597503, 0.23136693321936505, 0.14177858521522402
eyeBack: 0.22767598476850856, 0.24402784028118688, 0.21103083726741934
eyeLength: 0.40060285564772036, 0.4504795504138081, 0.36009354818024364
eyeAbove: 0.5075325988625778, 0.5818252912712629, 0.396264465542486
eyeBelow: 0.3522167620875418, 0.4152442285871566, 0.2772632384506978
eyeDegree: 3.216271813387997, 3.3465566865967276, 3.069836758775887
browBetween: 0.19241021473096528, 0.23485536461211615, 0.1586272238252685
browFront: 0.8119731428456269, 0.885980635257692, 0.7488617404321128
browBack: 0.6847496192882085, 0.7315442981419076, 0.6420969053688168
browDegree: 2.938819027144901, 3.103131113400531, 2.7603319888040927
browThickness: 0.10812684285554787, 0.12425502471898517, 0.09195848204827241
browShape: 0.15312269117301422, 0.17951789578763766, 0.13071432773052205
browArchPosition: 0.898316406787081, 1.322867037180216, 0.571870429000371
noseLength: 0.3410233510617466, 0.3660834415035428, 0.31556318098236413
noseBridgeThickness: 0.08525556217191162, 0.09515276179392351, 0.07707747047197644
noseHeadThickness: 0.06318399280915438, 0.07093752178398252, 0.0551920560100176
noseAlar: 0.46108175332538365, 0.4925695653963571, 0.4265383388346658
philtrum: 0.10409595668821268, 0.14859233341036565, 0.07323356600086811
lipLength: 0.39705442542107233, 0.5283209351776039, 0.29392480348876326
upperLipThickness: 0.06262204313938301, 0.08428211572565722, 0.04578171805620135
lowerLipThickness: 0.05848663854859054, 0.09097502629127, 0.037366728503135
foreheadLength: 1.0762471246512189, 1.144509431783297, 0.9398972053578813
midfaceLength: 0.26093299087848115, 0.28659121757503075, 0.23375448849450345
chinLength: 0.24583190727298893, 0.2979288573570399, 0.19653488311968698
chinWidth: 0.9805619651935842, 0.9994182494453775, 0.9458389824537718
jawWide: 0.21378526243768436, 0.26006860372214147, 0.1428059332932605
jawPosition: 0.7436681230691002, 0.9378742281548296, 0.3952246321830399
